   5050.4899709250021               18
  -14.573998370849532     
   17.291048160616356     
   14.231318212210466     
   13.392705355418293     
  -12.260223908889810     
   3.7438107861359469     
  -12.413809781767222     
  0.91157935215829045     
   19.044961178008393     
   16.810601641190367     
 -0.45331869389865886     
   16.842972977379496     
  -4.2524047788969259     
  -3.8162475272404821     
   9.7524038631070429     
   8.7554348572118048     
  -8.3005774067300457     
   2.5811736556334672     
